24
494 176
494 176
494 176
494 176
494 176
587 176
587 176
494 351
0 1061
494 176
494 176
494 176
494 176
494 176
494 176
587 176
587 176
659 176
659 176
587 353
440 351
0 355
494 176
494 176
494 176
494 176
494 176
494 176
587 176
587 176
659 176
659 176
587 353
440 351
0 355
440 176
392 176
440 353
440 176
392 176
440 176
523 176
523 176
494 176
392 353
330 351
0 355
494 176
494 176
494 176
494 176
494 176
494 176
587 176
587 176
494 351
0 1061
494 176
494 176
494 176
494 176
494 176
494 176
587 176
587 176
659 176
659 176
587 353
440 351
0 355
494 176
494 176
494 176
494 176
494 176
494 176
587 176
587 176
659 176
659 176
587 353
440 351
0 355
440 176
392 176
440 353
440 176
392 176
440 176
494 176
523 176
494 176
392 353
330 351
