0
277 147
349 147
349 147
349 147
349 147
349 147
311 147
277 147
311 147
349 294
415 294
415 294
0 441
311 147
311 147
311 147
311 147
277 147
277 147
311 147
349 294
415 294
415 294
0 441
311 147
311 147
349 147
311 294
277 294
0 441
349 147
311 294
277 294
0 441
349 147
311 294
277 294
0 441
349 147
311 294
277 294
0 294
349 294
311 147
277 147
277 147
311 147
349 147
0 147
415 294
415 294
0 588
466 294
415 294
0 147
349 147
415 147
349 147
311 147
349 147
277 294
0 735
349 147
311 294
277 294
0 441
349 147
370 147
349 147
311 294
0 588
311 294
311 147
311 147
311 294
311 147
311 147
311 294
