0
131 91
156 91
196 91
262 91
311 91
392 91
523 91
622 91
784 91
622 91
523 91
392 91
311 91
262 91
196 91
156 91
156 91
196 91
233 91
311 91
392 91
466 91
622 91
784 91
932 91
784 91
622 91
466 91
392 91
311 91
233 91
196 91
147 91
175 91
233 91
294 91
349 91
466 91
587 91
698 91
932 91
698 91
587 91
466 91
349 91
294 91
233 91
175 91
392 364
311 364
262 364
196 364
262 182
196 182
233 91
262 182
311 182
311 91
294 182
262 182
233 182
311 182
233 182
311 182
196 91
233 818
349 182
311 182
349 182
392 91
415 273
392 182
349 182
311 182
392 182
311 182
294 182
311 91
262 818
